0.000000 0
0.100000 0
0.200000 0
0.300000 0
0.400000 0
0.500000 0
0.600000 0
0.700000 0
0.800000 0
0.900000 0
1.000000 0.393469
1.100000 0.393469
1.200000 0.393469
1.300000 0.393469
1.400000 0.393469
1.500000 0.393469
1.600000 0.393469
1.700000 0.393469
1.800000 0.393469
1.900000 0.393469
2.000000 0.632121
2.100000 0.632121
2.200000 0.632121
2.300000 0.632121
2.400000 0.632121
2.500000 0.632121
2.600000 0.632121
2.700000 0.632121
2.799999 0.632121
2.899999 0.632121
2.999999 0.632121
3.099999 0.77687
3.199999 0.77687
3.299999 0.77687
3.399999 0.77687
3.499999 0.77687
3.599999 0.77687
3.699999 0.77687
3.799999 0.77687
3.899998 0.77687
3.999998 0.77687
4.099998 0.864665
4.199998 0.864665
4.299998 0.864665
4.399998 0.864665
4.499998 0.864665
4.599998 0.864665
4.699998 0.864665
4.799998 0.864665
4.899998 0.864665
4.999998 0.864665
5.099998 0.917915
5.199997 0.917915
5.299997 0.917915
5.399997 0.917915
5.499997 0.917915
5.599997 0.917915
5.699997 0.917915
5.799997 0.917915
5.899997 0.917915
5.999997 0.917915
6.099997 0.950213
6.199996 0.950213
6.299996 0.950213
6.399996 0.950213
6.499996 0.950213
6.599996 0.950213
6.699996 0.950213
6.799996 0.950213
6.899996 0.950213
6.999996 0.950213
7.099996 0.969803
7.199996 0.969803
7.299995 0.969803
7.399995 0.969803
7.499995 0.969803
7.599995 0.969803
7.699995 0.969803
7.799995 0.969803
7.899995 0.969803
7.999995 0.969803
8.099995 0.981684
8.199995 0.981684
8.299995 0.981684
8.399996 0.981684
8.499996 0.981684
8.599997 0.981684
8.699997 0.981684
8.799997 0.981684
8.899998 0.981684
8.999998 0.981684
9.099998 0.988891
9.199999 0.988891
9.299999 0.988891
9.400000 0.988891
9.500000 0.988891
9.600000 0.988891
9.700001 0.988891
9.800001 0.988891
9.900002 0.988891
10.000002 0.993262
10.100002 0.993262
10.200003 0.993262
10.300003 0.993262
10.400003 0.993262
10.500004 0.993262
10.600004 0.993262
10.700005 0.993262
10.800005 0.993262
10.900005 0.993262
11.000006 0.995913
11.100006 0.995913
11.200006 0.995913
11.300007 0.995913
11.400007 0.995913
11.500008 0.995913
11.600008 0.995913
11.700008 0.995913
11.800009 0.995913
11.900009 0.995913
12.000010 0.997521
12.100010 0.997521
12.200010 0.997521
12.300011 0.997521
12.400011 0.997521
12.500011 0.997521
12.600012 0.997521
12.700012 0.997521
12.800013 0.997521
12.900013 0.997521
13.000013 0.998497
13.100014 0.998497
13.200014 0.998497
13.300014 0.998497
13.400015 0.998497
13.500015 0.998497
13.600016 0.998497
13.700016 0.998497
13.800016 0.998497
13.900017 0.998497
14.000017 0.999088
14.100018 0.999088
14.200018 0.999088
14.300018 0.999088
14.400019 0.999088
14.500019 0.999088
14.600019 0.999088
14.700020 0.999088
14.800020 0.999088
14.900021 0.999088
15.000021 0.999447
15.100021 0.999447
15.200022 0.999447
15.300022 0.999447
15.400023 0.999447
15.500023 0.999447
15.600023 0.999447
15.700024 0.999447
15.800024 0.999447
15.900024 0.999447
16.000025 0.999665
16.100025 0.999665
16.200026 0.999665
16.300026 0.999665
16.400026 0.999665
16.500027 0.999665
16.600027 0.999665
16.700027 0.999665
16.800028 0.999665
16.900028 0.999665
17.000029 0.999797
17.100029 0.999797
17.200029 0.999797
17.300030 0.999797
17.400030 0.999797
17.500031 0.999797
17.600031 0.999797
17.700031 0.999797
17.800032 0.999797
17.900032 0.999797
18.000032 0.999877
18.100033 0.999877
18.200033 0.999877
18.300034 0.999877
18.400034 0.999877
18.500034 0.999877
18.600035 0.999877
18.700035 0.999877
18.800035 0.999877
18.900036 0.999877
19.000036 0.999925
19.100037 0.999925
19.200037 0.999925
19.300037 0.999925
19.400038 0.999925
19.500038 0.999925
19.600039 0.999925
19.700039 0.999925
19.800039 0.999925
19.900040 0.999925
20.000040 0.999955
20.100040 0.999955
20.200041 0.999955
20.300041 0.999955
20.400042 0.999955
20.500042 0.999955
20.600042 0.999955
20.700043 0.999955
20.800043 0.999955
20.900043 0.999955
21.000044 0.999972
21.100044 0.999972
21.200045 0.999972
21.300045 0.999972
21.400045 0.999972
21.500046 0.999972
21.600046 0.999972
21.700047 0.999972
21.800047 0.999972
21.900047 0.999972
22.000048 0.999983
22.100048 0.999983
22.200048 0.999983
22.300049 0.999983
22.400049 0.999983
22.500050 0.999983
22.600050 0.999983
22.700050 0.999983
22.800051 0.999983
22.900051 0.999983
23.000051 0.99999
23.100052 0.99999
23.200052 0.99999
23.300053 0.99999
23.400053 0.99999
23.500053 0.99999
23.600054 0.99999
23.700054 0.99999
23.800055 0.99999
23.900055 0.99999
24.000055 0.999994
24.100056 0.999994
24.200056 0.999994
24.300056 0.999994
24.400057 0.999994
24.500057 0.999994
24.600058 0.999994
24.700058 0.999994
24.800058 0.999994
24.900059 0.999994
25.000059 0.999996
25.100060 0.999996
25.200060 0.999996
25.300060 0.999996
25.400061 0.999996
25.500061 0.999996
25.600061 0.999996
25.700062 0.999996
25.800062 0.999996
25.900063 0.999996
26.000063 0.999998
26.100063 0.999998
26.200064 0.999998
26.300064 0.999998
26.400064 0.999998
26.500065 0.999998
26.600065 0.999998
26.700066 0.999998
26.800066 0.999998
26.900066 0.999998
27.000067 0.999999
27.100067 0.999999
27.200068 0.999999
27.300068 0.999999
27.400068 0.999999
27.500069 0.999999
27.600069 0.999999
27.700069 0.999999
27.800070 0.999999
27.900070 0.999999
28.000071 0.999999
28.100071 0.999999
28.200071 0.999999
28.300072 0.999999
28.400072 0.999999
28.500072 0.999999
28.600073 0.999999
28.700073 0.999999
28.800074 0.999999
28.900074 0.999999
29.000074 1
29.100075 1
29.200075 1
29.300076 1
29.400076 1
29.500076 1
29.600077 1
29.700077 1
29.800077 1
29.900078 1
30.000078 1
30.100079 1
30.200079 1
30.300079 1
30.400080 1
30.500080 1
30.600080 1
30.700081 1
30.800081 1
30.900082 1
31.000082 1
31.100082 1
31.200083 1
31.300083 1
31.400084 1
31.500084 1
31.600084 1
31.700085 1
31.800085 1
31.900085 1
32.000084 1
32.100082 1
32.200081 1
32.300079 1
32.400078 1
32.500076 1
32.600075 1
32.700073 1
32.800072 1
32.900070 1
33.000069 1
33.100067 1
33.200066 1
33.300064 1
33.400063 1
33.500061 1
33.600060 1
33.700058 1
33.800056 1
33.900055 1
34.000053 1
34.100052 1
34.200050 1
34.300049 1
34.400047 1
34.500046 1
34.600044 1
34.700043 1
34.800041 1
34.900040 1
35.000038 1
35.100037 1
35.200035 1
35.300034 1
35.400032 1
35.500031 1
35.600029 1
35.700027 1
35.800026 1
35.900024 1
36.000023 1
36.100021 1
36.200020 1
36.300018 1
36.400017 1
36.500015 1
36.600014 1
36.700012 1
36.800011 1
36.900009 1
37.000008 1
37.100006 1
37.200005 1
37.300003 1
37.400002 1
37.500000 1
37.599998 1
37.699997 1
37.799995 1
37.899994 1
37.999992 1
38.099991 1
38.199989 1
38.299988 1
38.399986 1
38.499985 1
38.599983 1
38.699982 1
38.799980 1
38.899979 1
38.999977 1
39.099976 1
39.199974 1
39.299973 1
39.399971 1
39.499969 1
39.599968 1
39.699966 1
39.799965 1
39.899963 1
39.999962 1
40.099960 1
40.199959 1
40.299957 1
40.399956 1
40.499954 1
40.599953 1
40.699951 1
40.799950 1
40.899948 1
40.999947 1
41.099945 1
41.199944 1
41.299942 1
41.399940 1
41.499939 1
41.599937 1
41.699936 1
41.799934 1
41.899933 1
41.999931 1
42.099930 1
42.199928 1
42.299927 1
42.399925 1
42.499924 1
42.599922 1
42.699921 1
42.799919 1
42.899918 1
42.999916 1
43.099915 1
43.199913 1
43.299911 1
43.399910 1
43.499908 1
43.599907 1
43.699905 1
43.799904 1
43.899902 1
43.999901 1
44.099899 1
44.199898 1
44.299896 1
44.399895 1
44.499893 1
44.599892 1
44.699890 1
44.799889 1
44.899887 1
44.999886 1
45.099884 1
45.199883 1
45.299881 1
45.399879 1
45.499878 1
45.599876 1
45.699875 1
45.799873 1
45.899872 1
45.999870 1
46.099869 1
46.199867 1
46.299866 1
46.399864 1
46.499863 1
46.599861 1
46.699860 1
46.799858 1
46.899857 1
46.999855 1
47.099854 1
47.199852 1
47.299850 1
47.399849 1
47.499847 1
47.599846 1
47.699844 1
47.799843 1
47.899841 1
47.999840 1
48.099838 1
48.199837 1
48.299835 1
48.399834 1
48.499832 1
48.599831 1
48.699829 1
48.799828 1
48.899826 1
48.999825 1
49.099823 1
49.199821 1
49.299820 1
49.399818 1
49.499817 1
49.599815 1
49.699814 1
49.799812 1
49.899811 1
49.999809 1
50.099808 1
50.199806 1
50.299805 1
50.399803 1
50.499802 1
50.599800 1
50.699799 1
50.799797 1
50.899796 1
50.999794 1
51.099792 1
51.199791 1
51.299789 1
51.399788 1
51.499786 1
51.599785 1
51.699783 1
51.799782 1
51.899780 1
51.999779 1
52.099777 1
52.199776 1
52.299774 1
52.399773 1
52.499771 1
52.599770 1
52.699768 1
52.799767 1
52.899765 1
52.999763 1
53.099762 1
53.199760 1
53.299759 1
53.399757 1
53.499756 1
53.599754 1
53.699753 1
53.799751 1
53.899750 1
53.999748 1
54.099747 1
54.199745 1
54.299744 1
54.399742 1
54.499741 1
54.599739 1
54.699738 1
54.799736 1
54.899734 1
54.999733 1
55.099731 1
55.199730 1
55.299728 1
55.399727 1
55.499725 1
55.599724 1
55.699722 1
55.799721 1
55.899719 1
55.999718 1
56.099716 1
56.199715 1
56.299713 1
56.399712 1
56.499710 1
56.599709 1
56.699707 1
56.799706 1
56.899704 1
56.999702 1
57.099701 1
57.199699 1
57.299698 1
57.399696 1
57.499695 1
57.599693 1
57.699692 1
57.799690 1
57.899689 1
57.999687 1
58.099686 1
58.199684 1
58.299683 1
58.399681 1
58.499680 1
58.599678 1
58.699677 1
58.799675 1
58.899673 1
58.999672 1
59.099670 1
59.199669 1
59.299667 1
59.399666 1
59.499664 1
59.599663 1
59.699661 1
59.799660 1
59.899658 1
59.999657 1
60.099655 1
60.199654 1
60.299652 1
60.399651 1
60.499649 1
60.599648 1
60.699646 1
60.799644 1
60.899643 1
60.999641 1
61.099640 1
61.199638 1
61.299637 1
61.399635 1
61.499634 1
61.599632 1
61.699631 1
61.799629 1
61.899628 1
61.999626 1
62.099625 1
62.199623 1
62.299622 1
62.399620 1
62.499619 1
62.599617 1
62.699615 1
62.799614 1
62.899612 1
62.999611 1
63.099609 1
63.199608 1
63.299606 1
63.399605 1
63.499603 1
63.599602 1
63.699600 1
63.799599 1
63.899597 1
63.999596 1
64.099594 1
64.199593 1
64.299591 1
64.399590 1
64.499588 1
64.599586 1
64.699585 1
64.799583 1
64.899582 1
64.999580 1
65.099579 1
65.199577 1
65.299576 1
65.399574 1
65.499573 1
65.599571 1
65.699570 1
65.799568 1
65.899567 1
65.999565 1
66.099564 1
66.199562 1
66.299561 1
66.399559 1
66.499557 1
66.599556 1
66.699554 1
66.799553 1
66.899551 1
66.999550 1
67.099548 1
67.199547 1
67.299545 1
67.399544 1
67.499542 1
67.599541 1
67.699539 1
67.799538 1
67.899536 1
67.999535 1
68.099533 1
68.199532 1
68.299530 1
68.399529 1
68.499527 1
68.599525 1
68.699524 1
68.799522 1
68.899521 1
68.999519 1
69.099518 1
69.199516 1
69.299515 1
69.399513 1
69.499512 1
69.599510 1
69.699509 1
69.799507 1
69.899506 1
69.999504 1
70.099503 1
70.199501 1
70.299500 1
70.399498 1
70.499496 1
70.599495 1
70.699493 1
70.799492 1
70.899490 1
70.999489 1
71.099487 1
71.199486 1
71.299484 1
71.399483 1
71.499481 1
71.599480 1
71.699478 1
71.799477 1
71.899475 1
71.999474 1
72.099472 1
72.199471 1
72.299469 1
72.399467 1
72.499466 1
72.599464 1
72.699463 1
72.799461 1
72.899460 1
72.999458 1
73.099457 1
73.199455 1
73.299454 1
73.399452 1
73.499451 1
73.599449 1
73.699448 1
73.799446 1
73.899445 1
73.999443 1
74.099442 1
74.199440 1
74.299438 1
74.399437 1
74.499435 1
74.599434 1
74.699432 1
74.799431 1
74.899429 1
74.999428 1
75.099426 1
75.199425 1
75.299423 1
75.399422 1
75.499420 1
75.599419 1
75.699417 1
75.799416 1
75.899414 1
75.999413 1
76.099411 1
76.199409 1
76.299408 1
76.399406 1
76.499405 1
76.599403 1
76.699402 1
76.799400 1
76.899399 1
76.999397 1
77.099396 1
77.199394 1
77.299393 1
77.399391 1
77.499390 1
77.599388 1
77.699387 1
77.799385 1
77.899384 1
77.999382 1
78.099380 1
78.199379 1
78.299377 1
78.399376 1
78.499374 1
78.599373 1
78.699371 1
78.799370 1
78.899368 1
78.999367 1
79.099365 1
79.199364 1
79.299362 1
79.399361 1
79.499359 1
79.599358 1
79.699356 1
79.799355 1
79.899353 1
79.999352 1
80.099350 1
80.199348 1
80.299347 1
80.399345 1
80.499344 1
80.599342 1
80.699341 1
80.799339 1
80.899338 1
80.999336 1
81.099335 1
81.199333 1
81.299332 1
81.399330 1
81.499329 1
81.599327 1
81.699326 1
81.799324 1
81.899323 1
81.999321 1
82.099319 1
82.199318 1
82.299316 1
82.399315 1
82.499313 1
82.599312 1
82.699310 1
82.799309 1
82.899307 1
82.999306 1
83.099304 1
83.199303 1
83.299301 1
83.399300 1
83.499298 1
83.599297 1
83.699295 1
83.799294 1
83.899292 1
83.999290 1
84.099289 1
84.199287 1
84.299286 1
84.399284 1
84.499283 1
84.599281 1
84.699280 1
84.799278 1
84.899277 1
84.999275 1
85.099274 1
85.199272 1
85.299271 1
85.399269 1
85.499268 1
85.599266 1
85.699265 1
85.799263 1
85.899261 1
85.999260 1
86.099258 1
86.199257 1
86.299255 1
86.399254 1
86.499252 1
86.599251 1
86.699249 1
86.799248 1
86.899246 1
86.999245 1
87.099243 1
87.199242 1
87.299240 1
87.399239 1
87.499237 1
87.599236 1
87.699234 1
87.799232 1
87.899231 1
87.999229 1
88.099228 1
88.199226 1
88.299225 1
88.399223 1
88.499222 1
88.599220 1
88.699219 1
88.799217 1
88.899216 1
88.999214 1
89.099213 1
89.199211 1
89.299210 1
89.399208 1
89.499207 1
89.599205 1
89.699203 1
89.799202 1
89.899200 1
89.999199 1
90.099197 1
90.199196 1
90.299194 1
90.399193 1
90.499191 1
90.599190 1
90.699188 1
90.799187 1
90.899185 1
90.999184 1
91.099182 1
91.199181 1
91.299179 1
91.399178 1
91.499176 1
91.599174 1
91.699173 1
91.799171 1
91.899170 1
91.999168 1
92.099167 1
92.199165 1
92.299164 1
92.399162 1
92.499161 1
92.599159 1
92.699158 1
92.799156 1
92.899155 1
92.999153 1
93.099152 1
93.199150 1
93.299149 1
93.399147 1
93.499146 1
93.599144 1
93.699142 1
93.799141 1
93.899139 1
93.999138 1
94.099136 1
94.199135 1
94.299133 1
94.399132 1
94.499130 1
94.599129 1
94.699127 1
94.799126 1
94.899124 1
94.999123 1
95.099121 1
95.199120 1
95.299118 1
95.399117 1
95.499115 1
95.599113 1
95.699112 1
95.799110 1
95.899109 1
95.999107 1
96.099106 1
96.199104 1
96.299103 1
96.399101 1
96.499100 1
96.599098 1
96.699097 1
96.799095 1
96.899094 1
96.999092 1
97.099091 1
97.199089 1
97.299088 1
97.399086 1
97.499084 1
97.599083 1
97.699081 1
97.799080 1
97.899078 1
97.999077 1
98.099075 1
98.199074 1
98.299072 1
98.399071 1
98.499069 1
98.599068 1
98.699066 1
98.799065 1
98.899063 1
98.999062 1
99.099060 1
99.199059 1
99.299057 1
99.399055 1
99.499054 1
99.599052 1
99.699051 1
99.799049 1
99.899048 1
99.999046 1
100.099045 1
100.199043 1
100.299042 1
100.399040 1
100.499039 1
100.599037 1
100.699036 1
100.799034 1
100.899033 1
100.999031 1
101.099030 1
101.199028 1
101.299026 1
101.399025 1
101.499023 1
101.599022 1
101.699020 1
101.799019 1
101.899017 1
101.999016 1
102.099014 1
102.199013 1
102.299011 1
102.399010 1
102.499008 1
102.599007 1
102.699005 1
102.799004 1
102.899002 1
102.999001 1
103.098999 1
103.198997 1
103.298996 1
103.398994 1
103.498993 1
103.598991 1
103.698990 1
103.798988 1
103.898987 1
103.998985 1
104.098984 1
104.198982 1
104.298981 1
104.398979 1
104.498978 1
104.598976 1
104.698975 1
104.798973 1
104.898972 1
104.998970 1
105.098969 1
105.198967 1
105.298965 1
105.398964 1
105.498962 1
105.598961 1
105.698959 1
105.798958 1
105.898956 1
105.998955 1
106.098953 1
106.198952 1
106.298950 1
106.398949 1
106.498947 1
106.598946 1
106.698944 1
106.798943 1
106.898941 1
106.998940 1
107.098938 1
107.198936 1
107.298935 1
107.398933 1
107.498932 1
107.598930 1
107.698929 1
107.798927 1
107.898926 1
107.998924 1
108.098923 1
108.198921 1
108.298920 1
108.398918 1
108.498917 1
108.598915 1
108.698914 1
108.798912 1
108.898911 1
108.998909 1
109.098907 1
109.198906 1
109.298904 1
109.398903 1
109.498901 1
109.598900 1
109.698898 1
109.798897 1
109.898895 1
109.998894 1
110.098892 1
110.198891 1
110.298889 1
110.398888 1
110.498886 1
110.598885 1
110.698883 1
110.798882 1
110.898880 1
110.998878 1
111.098877 1
111.198875 1
111.298874 1
111.398872 1
111.498871 1
111.598869 1
111.698868 1
111.798866 1
111.898865 1
111.998863 1
112.098862 1
112.198860 1
112.298859 1
112.398857 1
112.498856 1
112.598854 1
112.698853 1
112.798851 1
112.898849 1
112.998848 1
113.098846 1
113.198845 1
113.298843 1
113.398842 1
113.498840 1
113.598839 1
113.698837 1
113.798836 1
113.898834 1
113.998833 1
114.098831 1
114.198830 1
114.298828 1
114.398827 1
114.498825 1
114.598824 1
114.698822 1
114.798820 1
114.898819 1
114.998817 1
115.098816 1
115.198814 1
115.298813 1
115.398811 1
115.498810 1
115.598808 1
115.698807 1
115.798805 1
115.898804 1
115.998802 1
116.098801 1
116.198799 1
116.298798 1
116.398796 1
116.498795 1
116.598793 1
116.698792 1
116.798790 1
116.898788 1
116.998787 1
117.098785 1
117.198784 1
117.298782 1
117.398781 1
117.498779 1
117.598778 1
117.698776 1
117.798775 1
117.898773 1
117.998772 1
118.098770 1
118.198769 1
118.298767 1
118.398766 1
118.498764 1
118.598763 1
118.698761 1
118.798759 1
118.898758 1
118.998756 1
119.098755 1
119.198753 1
119.298752 1
119.398750 1
119.498749 1
119.598747 1
119.698746 1
119.798744 1
119.898743 1
119.998741 1
120.098740 1
120.198738 1
120.298737 1
120.398735 1
120.498734 1
120.598732 1
120.698730 1
120.798729 1
120.898727 1
120.998726 1
121.098724 1
121.198723 1
121.298721 1
121.398720 1
121.498718 1
121.598717 1
121.698715 1
121.798714 1
121.898712 1
121.998711 1
122.098709 1
122.198708 1
122.298706 1
122.398705 1
122.498703 1
122.598701 1
122.698700 1
122.798698 1
122.898697 1
122.998695 1
123.098694 1
123.198692 1
123.298691 1
123.398689 1
123.498688 1
123.598686 1
123.698685 1
123.798683 1
123.898682 1
123.998680 1
124.098679 1
124.198677 1
124.298676 1
124.398674 1
124.498672 1
124.598671 1
124.698669 1
124.798668 1
124.898666 1
124.998665 1
125.098663 1
125.198662 1
125.298660 1
125.398659 1
125.498657 1
125.598656 1
125.698654 1
125.798653 1
125.898651 1
125.998650 1
126.098648 1
126.198647 1
126.298645 1
126.398643 1
126.498642 1
126.598640 1
126.698639 1
126.798637 1
126.898636 1
126.998634 1
127.098633 1
127.198631 1
127.298630 1
127.398628 1
127.498627 1
127.598625 1
127.698624 1
127.798622 1
127.898621 1
127.998619 1
128.098618 1
128.198624 1
128.298630 1
128.398636 1
128.498642 1
128.598648 1
128.698654 1
128.798660 1
128.898666 1
128.998672 1
129.098679 1
129.198685 1
129.298691 1
129.398697 1
129.498703 1
129.598709 1
129.698715 1
129.798721 1
129.898727 1
129.998734 1
130.098740 1
130.198746 1
130.298752 1
130.398758 1
130.498764 1
130.598770 1
130.698776 1
130.798782 1
130.898788 1
130.998795 1
131.098801 1
131.198807 1
131.298813 1
131.398819 1
131.498825 1
131.598831 1
131.698837 1
131.798843 1
131.898849 1
131.998856 1
132.098862 1
132.198868 1
132.298874 1
132.398880 1
132.498886 1
132.598892 1
132.698898 1
132.798904 1
132.898911 1
132.998917 1
133.098923 1
133.198929 1
133.298935 1
133.398941 1
133.498947 1
133.598953 1
133.698959 1
133.798965 1
133.898972 1
133.998978 1
134.098984 1
134.198990 1
134.298996 1
134.399002 1
134.499008 1
134.599014 1
134.699020 1
134.799026 1
134.899033 1
134.999039 1
135.099045 1
135.199051 1
135.299057 1
135.399063 1
135.499069 1
135.599075 1
135.699081 1
135.799088 1
135.899094 1
135.999100 1
136.099106 1
136.199112 1
136.299118 1
136.399124 1
136.499130 1
136.599136 1
136.699142 1
136.799149 1
136.899155 1
136.999161 1
137.099167 1
137.199173 1
137.299179 1
137.399185 1
137.499191 1
137.599197 1
137.699203 1
137.799210 1
137.899216 1
137.999222 1
138.099228 1
138.199234 1
138.299240 1
138.399246 1
138.499252 1
138.599258 1
138.699265 1
138.799271 1
138.899277 1
138.999283 1
139.099289 1
139.199295 1
139.299301 1
139.399307 1
139.499313 1
139.599319 1
139.699326 1
139.799332 1
139.899338 1
139.999344 1
140.099350 1
140.199356 1
140.299362 1
140.399368 1
140.499374 1
140.599380 1
140.699387 1
140.799393 1
140.899399 1
140.999405 1
141.099411 1
141.199417 1
141.299423 1
141.399429 1
141.499435 1
141.599442 1
141.699448 1
141.799454 1
141.899460 1
141.999466 1
142.099472 1
142.199478 1
142.299484 1
142.399490 1
142.499496 1
142.599503 1
142.699509 1
142.799515 1
142.899521 1
142.999527 1
143.099533 1
143.199539 1
143.299545 1
143.399551 1
143.499557 1
143.599564 1
143.699570 1
143.799576 1
143.899582 1
143.999588 1
144.099594 1
144.199600 1
144.299606 1
144.399612 1
144.499619 1
144.599625 1
144.699631 1
144.799637 1
144.899643 1
144.999649 1
145.099655 1
145.199661 1
145.299667 1
145.399673 1
145.499680 1
145.599686 1
145.699692 1
145.799698 1
145.899704 1
145.999710 1
146.099716 1
146.199722 1
146.299728 1
146.399734 1
146.499741 1
146.599747 1
146.699753 1
146.799759 1
146.899765 1
146.999771 1
147.099777 1
147.199783 1
147.299789 1
147.399796 1
147.499802 1
147.599808 1
147.699814 1
147.799820 1
147.899826 1
147.999832 1
148.099838 1
148.199844 1
148.299850 1
148.399857 1
148.499863 1
148.599869 1
148.699875 1
148.799881 1
148.899887 1
148.999893 1
149.099899 1
149.199905 1
149.299911 1
149.399918 1
149.499924 1
149.599930 1
149.699936 1
149.799942 1
149.899948 1
149.999954 1
150.099960 1
150.199966 1
150.299973 1
150.399979 1
150.499985 1
150.599991 1
150.699997 1
150.800003 1
150.900009 1
151.000015 1
151.100021 1
151.200027 1
151.300034 1
151.400040 1
151.500046 1
151.600052 1
151.700058 1
151.800064 1
151.900070 1
152.000076 1
152.100082 1
152.200089 1
152.300095 1
152.400101 1
152.500107 1
152.600113 1
152.700119 1
152.800125 1
152.900131 1
153.000137 1
153.100143 1
153.200150 1
153.300156 1
153.400162 1
153.500168 1
153.600174 1
153.700180 1
153.800186 1
153.900192 1
154.000198 1
154.100204 1
154.200211 1
154.300217 1
154.400223 1
154.500229 1
154.600235 1
154.700241 1
154.800247 1
154.900253 1
155.000259 1
155.100266 1
155.200272 1
155.300278 1
155.400284 1
155.500290 1
155.600296 1
155.700302 1
155.800308 1
155.900314 1
156.000320 1
156.100327 1
156.200333 1
156.300339 1
156.400345 1
156.500351 1
156.600357 1
156.700363 1
156.800369 1
156.900375 1
157.000381 1
157.100388 1
157.200394 1
157.300400 1
157.400406 1
157.500412 1
157.600418 1
157.700424 1
157.800430 1
157.900436 1
158.000443 1
158.100449 1
158.200455 1
158.300461 1
158.400467 1
158.500473 1
158.600479 1
158.700485 1
158.800491 1
158.900497 1
159.000504 1
159.100510 1
159.200516 1
159.300522 1
159.400528 1
159.500534 1
159.600540 1
159.700546 1
159.800552 1
159.900558 1
160.000565 1
160.100571 1
160.200577 1
160.300583 1
160.400589 1
160.500595 1
160.600601 1
160.700607 1
160.800613 1
160.900620 1
161.000626 1
161.100632 1
161.200638 1
161.300644 1
161.400650 1
161.500656 1
161.600662 1
161.700668 1
161.800674 1
161.900681 1
162.000687 1
162.100693 1
162.200699 1
162.300705 1
162.400711 1
162.500717 1
162.600723 1
162.700729 1
162.800735 1
162.900742 1
163.000748 1
163.100754 1
163.200760 1
163.300766 1
163.400772 1
163.500778 1
163.600784 1
163.700790 1
163.800797 1
163.900803 1
164.000809 1
164.100815 1
164.200821 1
164.300827 1
164.400833 1
164.500839 1
164.600845 1
164.700851 1
164.800858 1
164.900864 1
165.000870 1
165.100876 1
165.200882 1
165.300888 1
165.400894 1
165.500900 1
165.600906 1
165.700912 1
165.800919 1
165.900925 1
166.000931 1
166.100937 1
166.200943 1
166.300949 1
166.400955 1
166.500961 1
166.600967 1
166.700974 1
166.800980 1
166.900986 1
167.000992 1
167.100998 1
167.201004 1
167.301010 1
167.401016 1
167.501022 1
167.601028 1
167.701035 1
167.801041 1
167.901047 1
168.001053 1
168.101059 1
168.201065 1
168.301071 1
168.401077 1
168.501083 1
168.601089 1
168.701096 1
168.801102 1
168.901108 1
169.001114 1
169.101120 1
169.201126 1
169.301132 1
169.401138 1
169.501144 1
169.601151 1
169.701157 1
169.801163 1
169.901169 1
170.001175 1
170.101181 1
170.201187 1
170.301193 1
170.401199 1
170.501205 1
170.601212 1
170.701218 1
170.801224 1
170.901230 1
171.001236 1
171.101242 1
171.201248 1
171.301254 1
171.401260 1
171.501266 1
171.601273 1
171.701279 1
171.801285 1
171.901291 1
172.001297 1
172.101303 1
172.201309 1
172.301315 1
172.401321 1
172.501328 1
172.601334 1
172.701340 1
172.801346 1
172.901352 1
173.001358 1
173.101364 1
173.201370 1
173.301376 1
173.401382 1
173.501389 1
173.601395 1
173.701401 1
173.801407 1
173.901413 1
174.001419 1
174.101425 1
174.201431 1
174.301437 1
174.401443 1
174.501450 1
174.601456 1
174.701462 1
174.801468 1
174.901474 1
175.001480 1
175.101486 1
175.201492 1
175.301498 1
175.401505 1
175.501511 1
175.601517 1
175.701523 1
175.801529 1
175.901535 1
176.001541 1
176.101547 1
176.201553 1
176.301559 1
176.401566 1
176.501572 1
176.601578 1
176.701584 1
176.801590 1
176.901596 1
177.001602 1
177.101608 1
177.201614 1
177.301620 1
177.401627 1
177.501633 1
177.601639 1
177.701645 1
177.801651 1
177.901657 1
178.001663 1
178.101669 1
178.201675 1
178.301682 1
178.401688 1
178.501694 1
178.601700 1
178.701706 1
178.801712 1
178.901718 1
179.001724 1
179.101730 1
179.201736 1
179.301743 1
179.401749 1
179.501755 1
179.601761 1
179.701767 1
179.801773 1
179.901779 1
180.001785 1
180.101791 1
180.201797 1
180.301804 1
180.401810 1
180.501816 1
180.601822 1
180.701828 1
180.801834 1
180.901840 1
181.001846 1
181.101852 1
181.201859 1
181.301865 1
181.401871 1
181.501877 1
181.601883 1
181.701889 1
181.801895 1
181.901901 1
182.001907 1
182.101913 1
182.201920 1
182.301926 1
182.401932 1
182.501938 1
182.601944 1
182.701950 1
182.801956 1
182.901962 1
183.001968 1
183.101974 1
183.201981 1
183.301987 1
183.401993 1
183.501999 1
183.602005 1
183.702011 1
183.802017 1
183.902023 1
184.002029 1
184.102036 1
184.202042 1
184.302048 1
184.402054 1
184.502060 1
184.602066 1
184.702072 1
184.802078 1
184.902084 1
185.002090 1
185.102097 1
185.202103 1
185.302109 1
185.402115 1
185.502121 1
185.602127 1
185.702133 1
185.802139 1
185.902145 1
186.002151 1
186.102158 1
186.202164 1
186.302170 1
186.402176 1
186.502182 1
186.602188 1
186.702194 1
186.802200 1
186.902206 1
187.002213 1
187.102219 1
187.202225 1
187.302231 1
187.402237 1
187.502243 1
187.602249 1
187.702255 1
187.802261 1
187.902267 1
188.002274 1
188.102280 1
188.202286 1
188.302292 1
188.402298 1
188.502304 1
188.602310 1
188.702316 1
188.802322 1
188.902328 1
189.002335 1
189.102341 1
189.202347 1
189.302353 1
189.402359 1
189.502365 1
189.602371 1
189.702377 1
189.802383 1
189.902390 1
190.002396 1
190.102402 1
190.202408 1
190.302414 1
190.402420 1
190.502426 1
190.602432 1
190.702438 1
190.802444 1
190.902451 1
191.002457 1
191.102463 1
191.202469 1
191.302475 1
191.402481 1
191.502487 1
191.602493 1
191.702499 1
191.802505 1
191.902512 1
192.002518 1
192.102524 1
192.202530 1
192.302536 1
192.402542 1
192.502548 1
192.602554 1
192.702560 1
192.802567 1
192.902573 1
193.002579 1
193.102585 1
193.202591 1
193.302597 1
193.402603 1
193.502609 1
193.602615 1
193.702621 1
193.802628 1
193.902634 1
194.002640 1
194.102646 1
194.202652 1
194.302658 1
194.402664 1
194.502670 1
194.602676 1
194.702682 1
194.802689 1
194.902695 1
195.002701 1
195.102707 1
195.202713 1
195.302719 1
195.402725 1
195.502731 1
195.602737 1
195.702744 1
195.802750 1
195.902756 1
196.002762 1
196.102768 1
196.202774 1
196.302780 1
196.402786 1
196.502792 1
196.602798 1
196.702805 1
196.802811 1
196.902817 1
197.002823 1
197.102829 1
197.202835 1
197.302841 1
197.402847 1
197.502853 1
197.602859 1
197.702866 1
197.802872 1
197.902878 1
198.002884 1
198.102890 1
198.202896 1
198.302902 1
198.402908 1
198.502914 1
198.602921 1
198.702927 1
198.802933 1
198.902939 1
199.002945 1
199.102951 1
199.202957 1
199.302963 1
199.402969 1
199.502975 1
199.602982 1
199.702988 1
199.802994 1
199.903000 1
200.003006 1
200.103012 1
200.203018 1
200.303024 1
200.403030 1
200.503036 1
200.603043 1
200.703049 1
200.803055 1
200.903061 1
201.003067 1
201.103073 1
201.203079 1
201.303085 1
201.403091 1
201.503098 1
201.603104 1
201.703110 1
201.803116 1
201.903122 1
202.003128 1
202.103134 1
202.203140 1
202.303146 1
202.403152 1
202.503159 1
202.603165 1
202.703171 1
202.803177 1
202.903183 1
203.003189 1
203.103195 1
203.203201 1
203.303207 1
203.403214 1
203.503220 1
203.603226 1
203.703232 1
203.803238 1
203.903244 1
204.003250 1
204.103256 1
204.203262 1
204.303268 1
204.403275 1
204.503281 1
204.603287 1
204.703293 1
204.803299 1
204.903305 1
205.003311 1
205.103317 1
205.203323 1
205.303329 1
205.403336 1
205.503342 1
205.603348 1
205.703354 1
205.803360 1
205.903366 1
206.003372 1
206.103378 1
206.203384 1
206.303391 1
206.403397 1
206.503403 1
206.603409 1
206.703415 1
206.803421 1
206.903427 1
207.003433 1
207.103439 1
207.203445 1
207.303452 1
207.403458 1
207.503464 1
207.603470 1
207.703476 1
207.803482 1
207.903488 1
208.003494 1
208.103500 1
208.203506 1
208.303513 1
208.403519 1
208.503525 1
208.603531 1
208.703537 1
208.803543 1
208.903549 1
209.003555 1
209.103561 1
209.203568 1
209.303574 1
209.403580 1
209.503586 1
209.603592 1
209.703598 1
209.803604 1
209.903610 1
210.003616 1
210.103622 1
210.203629 1
210.303635 1
210.403641 1
210.503647 1
210.603653 1
210.703659 1
210.803665 1
210.903671 1
211.003677 1
211.103683 1
211.203690 1
211.303696 1
211.403702 1
211.503708 1
211.603714 1
211.703720 1
211.803726 1
211.903732 1
212.003738 1
212.103745 1
212.203751 1
212.303757 1
212.403763 1
212.503769 1
212.603775 1
212.703781 1
212.803787 1
212.903793 1
213.003799 1
213.103806 1
213.203812 1
213.303818 1
213.403824 1
213.503830 1
213.603836 1
213.703842 1
213.803848 1
213.903854 1
214.003860 1
214.103867 1
214.203873 1
214.303879 1
214.403885 1
214.503891 1
214.603897 1
214.703903 1
214.803909 1
214.903915 1
215.003922 1
215.103928 1
215.203934 1
215.303940 1
215.403946 1
215.503952 1
215.603958 1
215.703964 1
215.803970 1
215.903976 1
216.003983 1
216.103989 1
216.203995 1
216.304001 1
216.404007 1
216.504013 1
216.604019 1
216.704025 1
216.804031 1
216.904037 1
217.004044 1
217.104050 1
217.204056 1
217.304062 1
217.404068 1
217.504074 1
217.604080 1
217.704086 1
217.804092 1
217.904099 1
218.004105 1
218.104111 1
218.204117 1
218.304123 1
218.404129 1
218.504135 1
218.604141 1
218.704147 1
218.804153 1
218.904160 1
219.004166 1
219.104172 1
219.204178 1
219.304184 1
219.404190 1
219.504196 1
219.604202 1
219.704208 1
219.804214 1
219.904221 1
220.004227 1
220.104233 1
220.204239 1
220.304245 1
220.404251 1
220.504257 1
220.604263 1
220.704269 1
220.804276 1
220.904282 1
221.004288 1
221.104294 1
221.204300 1
221.304306 1
221.404312 1
221.504318 1
221.604324 1
221.704330 1
221.804337 1
221.904343 1
222.004349 1
222.104355 1
222.204361 1
222.304367 1
222.404373 1
222.504379 1
222.604385 1
222.704391 1
222.804398 1
222.904404 1
223.004410 1
223.104416 1
223.204422 1
223.304428 1
223.404434 1
223.504440 1
223.604446 1
223.704453 1
223.804459 1
223.904465 1
224.004471 1
224.104477 1
224.204483 1
224.304489 1
224.404495 1
224.504501 1
224.604507 1
224.704514 1
224.804520 1
224.904526 1
225.004532 1
225.104538 1
225.204544 1
225.304550 1
225.404556 1
225.504562 1
225.604568 1
225.704575 1
225.804581 1
225.904587 1
226.004593 1
226.104599 1
226.204605 1
226.304611 1
226.404617 1
226.504623 1
226.604630 1
226.704636 1
226.804642 1
226.904648 1
227.004654 1
227.104660 1
227.204666 1
227.304672 1
227.404678 1
227.504684 1
227.604691 1
227.704697 1
227.804703 1
227.904709 1
228.004715 1
228.104721 1
228.204727 1
228.304733 1
228.404739 1
228.504745 1
228.604752 1
228.704758 1
228.804764 1
228.904770 1
229.004776 1
229.104782 1
229.204788 1
229.304794 1
229.404800 1
229.504807 1
229.604813 1
229.704819 1
229.804825 1
229.904831 1
230.004837 1
230.104843 1
230.204849 1
230.304855 1
230.404861 1
230.504868 1
230.604874 1
230.704880 1
230.804886 1
230.904892 1
231.004898 1
231.104904 1
231.204910 1
231.304916 1
231.404922 1
231.504929 1
231.604935 1
231.704941 1
231.804947 1
231.904953 1
232.004959 1
232.104965 1
232.204971 1
232.304977 1
232.404984 1
232.504990 1
232.604996 1
232.705002 1
232.805008 1
232.905014 1
233.005020 1
233.105026 1
233.205032 1
233.305038 1
233.405045 1
233.505051 1
233.605057 1
233.705063 1
233.805069 1
233.905075 1
234.005081 1
234.105087 1
234.205093 1
234.305099 1
234.405106 1
234.505112 1
234.605118 1
234.705124 1
234.805130 1
234.905136 1
235.005142 1
235.105148 1
235.205154 1
235.305161 1
235.405167 1
235.505173 1
235.605179 1
235.705185 1
235.805191 1
235.905197 1
236.005203 1
236.105209 1
236.205215 1
236.305222 1
236.405228 1
236.505234 1
236.605240 1
236.705246 1
236.805252 1
236.905258 1
237.005264 1
237.105270 1
237.205276 1
237.305283 1
237.405289 1
237.505295 1
237.605301 1
237.705307 1
237.805313 1
237.905319 1
238.005325 1
238.105331 1
238.205338 1
238.305344 1
238.405350 1
238.505356 1
238.605362 1
238.705368 1
238.805374 1
238.905380 1
239.005386 1
239.105392 1
239.205399 1
239.305405 1
239.405411 1
239.505417 1
239.605423 1
239.705429 1
239.805435 1
239.905441 1
240.005447 1
240.105453 1
240.205460 1
240.305466 1
240.405472 1
240.505478 1
240.605484 1
240.705490 1
240.805496 1
240.905502 1
241.005508 1
241.105515 1
241.205521 1
241.305527 1
241.405533 1
241.505539 1
241.605545 1
241.705551 1
241.805557 1
241.905563 1
242.005569 1
242.105576 1
242.205582 1
242.305588 1
242.405594 1
242.505600 1
242.605606 1
242.705612 1
242.805618 1
242.905624 1
243.005630 1
243.105637 1
243.205643 1
243.305649 1
243.405655 1
243.505661 1
243.605667 1
243.705673 1
243.805679 1
243.905685 1
244.005692 1
244.105698 1
244.205704 1
244.305710 1
244.405716 1
244.505722 1
244.605728 1
244.705734 1
244.805740 1
244.905746 1
245.005753 1
245.105759 1
245.205765 1
245.305771 1
245.405777 1
245.505783 1
245.605789 1
245.705795 1
245.805801 1
245.905807 1
246.005814 1
246.105820 1
246.205826 1
246.305832 1
246.405838 1
246.505844 1
246.605850 1
246.705856 1
246.805862 1
246.905869 1
247.005875 1
247.105881 1
247.205887 1
247.305893 1
247.405899 1
247.505905 1
247.605911 1
247.705917 1
247.805923 1
247.905930 1
248.005936 1
248.105942 1
248.205948 1
248.305954 1
248.405960 1
248.505966 1
248.605972 1
248.705978 1
248.805984 1
248.905991 1
249.005997 1
249.106003 1
249.206009 1
249.306015 1
249.406021 1
249.506027 1
249.606033 1
249.706039 1
249.806046 1
249.906052 1
250.006058 1
250.106064 1
250.206070 1
250.306076 1
250.406082 1
250.506088 1
250.606094 1
250.706100 1
250.806107 1
250.906113 1
251.006119 1
251.106125 1
251.206131 1
251.306137 1
251.406143 1
251.506149 1
251.606155 1
251.706161 1
251.806168 1
251.906174 1
252.006180 1
252.106186 1
252.206192 1
252.306198 1
252.406204 1
252.506210 1
252.606216 1
252.706223 1
252.806229 1
252.906235 1
253.006241 1
253.106247 1
253.206253 1
253.306259 1
253.406265 1
253.506271 1
253.606277 1
253.706284 1
253.806290 1
253.906296 1
254.006302 1
254.106308 1
254.206314 1
254.306320 1
254.406326 1
254.506332 1
254.606339 1
254.706345 1
254.806351 1
254.906357 1
255.006363 1
255.106369 1
255.206375 1
255.306381 1
255.406387 1
255.506393 1
255.606400 1
255.706406 1
255.806412 1
255.906418 1
256.006409 1
256.106415 1
256.206421 1
256.306427 1
256.406433 1
256.506439 1
256.606445 1
256.706451 1
256.806458 1
256.906464 1
257.006470 1
257.106476 1
257.206482 1
257.306488 1
257.406494 1
257.506500 1
257.606506 1
257.706512 1
257.806519 1
257.906525 1
258.006531 1
258.106537 1
258.206543 1
258.306549 1
258.406555 1
258.506561 1
258.606567 1
258.706573 1
258.806580 1
258.906586 1
259.006592 1
259.106598 1
259.206604 1
259.306610 1
259.406616 1
259.506622 1
259.606628 1
259.706635 1
259.806641 1
259.906647 1
260.006653 1
260.106659 1
260.206665 1
260.306671 1
260.406677 1
260.506683 1
260.606689 1
260.706696 1
260.806702 1
260.906708 1
261.006714 1
261.106720 1
261.206726 1
261.306732 1
261.406738 1
261.506744 1
261.606750 1
261.706757 1
261.806763 1
261.906769 1
262.006775 1
262.106781 1
262.206787 1
262.306793 1
262.406799 1
262.506805 1
262.606812 1
262.706818 1
262.806824 1
262.906830 1
263.006836 1
263.106842 1
263.206848 1
263.306854 1
263.406860 1
263.506866 1
263.606873 1
263.706879 1
263.806885 1
263.906891 1
264.006897 1
264.106903 1
264.206909 1
264.306915 1
264.406921 1
264.506927 1
264.606934 1
264.706940 1
264.806946 1
264.906952 1
265.006958 1
265.106964 1
265.206970 1
265.306976 1
265.406982 1
265.506989 1
265.606995 1
265.707001 1
265.807007 1
265.907013 1
266.007019 1
266.107025 1
266.207031 1
266.307037 1
266.407043 1
266.507050 1
266.607056 1
266.707062 1
266.807068 1
266.907074 1
267.007080 1
267.107086 1
267.207092 1
267.307098 1
267.407104 1
267.507111 1
267.607117 1
267.707123 1
267.807129 1
267.907135 1
268.007141 1
268.107147 1
268.207153 1
268.307159 1
268.407166 1
268.507172 1
268.607178 1
268.707184 1
268.807190 1
268.907196 1
269.007202 1
269.107208 1
269.207214 1
269.307220 1
269.407227 1
269.507233 1
269.607239 1
269.707245 1
269.807251 1
269.907257 1
270.007263 1
270.107269 1
270.207275 1
270.307281 1
270.407288 1
270.507294 1
270.607300 1
270.707306 1
270.807312 1
270.907318 1
271.007324 1
271.107330 1
271.207336 1
271.307343 1
271.407349 1
271.507355 1
271.607361 1
271.707367 1
271.807373 1
271.907379 1
272.007385 1
272.107391 1
272.207397 1
272.307404 1
272.407410 1
272.507416 1
272.607422 1
272.707428 1
272.807434 1
272.907440 1
273.007446 1
273.107452 1
273.207458 1
273.307465 1
273.407471 1
273.507477 1
273.607483 1
273.707489 1
273.807495 1
273.907501 1
274.007507 1
274.107513 1
274.207520 1
274.307526 1
274.407532 1
274.507538 1
274.607544 1
274.707550 1
274.807556 1
274.907562 1
275.007568 1
275.107574 1
275.207581 1
275.307587 1
275.407593 1
275.507599 1
275.607605 1
275.707611 1
275.807617 1
275.907623 1
276.007629 1
276.107635 1
276.207642 1
276.307648 1
276.407654 1
276.507660 1
276.607666 1
276.707672 1
276.807678 1
276.907684 1
277.007690 1
277.107697 1
277.207703 1
277.307709 1
277.407715 1
277.507721 1
277.607727 1
277.707733 1
277.807739 1
277.907745 1
278.007751 1
278.107758 1
278.207764 1
278.307770 1
278.407776 1
278.507782 1
278.607788 1
278.707794 1
278.807800 1
278.907806 1
279.007812 1
279.107819 1
279.207825 1
279.307831 1
279.407837 1
279.507843 1
279.607849 1
279.707855 1
279.807861 1
279.907867 1
280.007874 1
280.107880 1
280.207886 1
280.307892 1
280.407898 1
280.507904 1
280.607910 1
280.707916 1
280.807922 1
280.907928 1
281.007935 1
281.107941 1
281.207947 1
281.307953 1
281.407959 1
281.507965 1
281.607971 1
281.707977 1
281.807983 1
281.907990 1
282.007996 1
282.108002 1
282.208008 1
282.308014 1
282.408020 1
282.508026 1
282.608032 1
282.708038 1
282.808044 1
282.908051 1
283.008057 1
283.108063 1
283.208069 1
283.308075 1
283.408081 1
283.508087 1
283.608093 1
283.708099 1
283.808105 1
283.908112 1
284.008118 1
284.108124 1
284.208130 1
284.308136 1
284.408142 1
284.508148 1
284.608154 1
284.708160 1
284.808167 1
284.908173 1
285.008179 1
285.108185 1
285.208191 1
285.308197 1
285.408203 1
285.508209 1
285.608215 1
285.708221 1
285.808228 1
285.908234 1
286.008240 1
286.108246 1
286.208252 1
286.308258 1
286.408264 1
286.508270 1
286.608276 1
286.708282 1
286.808289 1
286.908295 1
287.008301 1
287.108307 1
287.208313 1
287.308319 1
287.408325 1
287.508331 1
287.608337 1
287.708344 1
287.808350 1
287.908356 1
288.008362 1
288.108368 1
288.208374 1
288.308380 1
288.408386 1
288.508392 1
288.608398 1
288.708405 1
288.808411 1
288.908417 1
289.008423 1
289.108429 1
289.208435 1
289.308441 1
289.408447 1
289.508453 1
289.608459 1
289.708466 1
289.808472 1
289.908478 1
290.008484 1
290.108490 1
290.208496 1
290.308502 1
290.408508 1
290.508514 1
290.608521 1
290.708527 1
290.808533 1
290.908539 1
291.008545 1
291.108551 1
291.208557 1
291.308563 1
291.408569 1
291.508575 1
291.608582 1
291.708588 1
291.808594 1
291.908600 1
292.008606 1
292.108612 1
292.208618 1
292.308624 1
292.408630 1
292.508636 1
292.608643 1
292.708649 1
292.808655 1
292.908661 1
293.008667 1
293.108673 1
293.208679 1
293.308685 1
293.408691 1
293.508698 1
293.608704 1
293.708710 1
293.808716 1
293.908722 1
294.008728 1
294.108734 1
294.208740 1
294.308746 1
294.408752 1
294.508759 1
294.608765 1
294.708771 1
294.808777 1
294.908783 1
295.008789 1
295.108795 1
295.208801 1
295.308807 1
295.408813 1
295.508820 1
295.608826 1
295.708832 1
295.808838 1
295.908844 1
296.008850 1
296.108856 1
296.208862 1
296.308868 1
296.408875 1
296.508881 1
296.608887 1
296.708893 1
296.808899 1
296.908905 1
297.008911 1
297.108917 1
297.208923 1
297.308929 1
297.408936 1
297.508942 1
297.608948 1
297.708954 1
297.808960 1
297.908966 1
298.008972 1
298.108978 1
298.208984 1
298.308990 1
298.408997 1
298.509003 1
298.609009 1
298.709015 1
298.809021 1
298.909027 1
299.009033 1
299.109039 1
299.209045 1
299.309052 1
299.409058 1
299.509064 1
299.609070 1
299.709076 1
299.809082 1
299.909088 1
300.009094 1
300.109100 1
300.209106 1
300.309113 1
300.409119 1
300.509125 1
300.609131 1
300.709137 1
300.809143 1
300.909149 1
301.009155 1
301.109161 1
301.209167 1
301.309174 1
301.409180 1
301.509186 1
301.609192 1
301.709198 1
301.809204 1
301.909210 1
302.009216 1
302.109222 1
302.209229 1
302.309235 1
302.409241 1
302.509247 1
302.609253 1
302.709259 1
302.809265 1
302.909271 1
303.009277 1
303.109283 1
303.209290 1
303.309296 1
303.409302 1
303.509308 1
303.609314 1
303.709320 1
303.809326 1
303.909332 1
304.009338 1
304.109344 1
304.209351 1
304.309357 1
304.409363 1
304.509369 1
304.609375 1
304.709381 1
304.809387 1
304.909393 1
305.009399 1
305.109406 1
305.209412 1
305.309418 1
305.409424 1
305.509430 1
305.609436 1
305.709442 1
305.809448 1
305.909454 1
306.009460 1
306.109467 1
306.209473 1
306.309479 1
306.409485 1
306.509491 1
306.609497 1
306.709503 1
306.809509 1
306.909515 1
307.009521 1
307.109528 1
307.209534 1
307.309540 1
307.409546 1
307.509552 1
307.609558 1
307.709564 1
307.809570 1
307.909576 1
308.009583 1
308.109589 1
308.209595 1
308.309601 1
308.409607 1
308.509613 1
308.609619 1
308.709625 1
308.809631 1
308.909637 1
309.009644 1
309.109650 1
309.209656 1
309.309662 1
309.409668 1
309.509674 1
309.609680 1
309.709686 1
309.809692 1
309.909698 1
310.009705 1
310.109711 1
310.209717 1
310.309723 1
310.409729 1
310.509735 1
310.609741 1
310.709747 1
310.809753 1
310.909760 1
311.009766 1
311.109772 1
311.209778 1
311.309784 1
311.409790 1
311.509796 1
311.609802 1
311.709808 1
311.809814 1
311.909821 1
312.009827 1
312.109833 1
312.209839 1
312.309845 1
312.409851 1
312.509857 1
312.609863 1
312.709869 1
312.809875 1
312.909882 1
313.009888 1
313.109894 1
313.209900 1
313.309906 1
313.409912 1
313.509918 1
313.609924 1
313.709930 1
313.809937 1
313.909943 1
314.009949 1
314.109955 1
314.209961 1
314.309967 1
314.409973 1
314.509979 1
314.609985 1
314.709991 1
314.809998 1
314.910004 1
315.010010 1
315.110016 1
315.210022 1
315.310028 1
315.410034 1
315.510040 1
315.610046 1
315.710052 1
315.810059 1
315.910065 1
316.010071 1
316.110077 1
316.210083 1
316.310089 1
316.410095 1
316.510101 1
316.610107 1
316.710114 1
316.810120 1
316.910126 1
317.010132 1
317.110138 1
317.210144 1
317.310150 1
317.410156 1
317.510162 1
317.610168 1
317.710175 1
317.810181 1
317.910187 1
318.010193 1
318.110199 1
318.210205 1
318.310211 1
318.410217 1
318.510223 1
318.610229 1
318.710236 1
318.810242 1
318.910248 1
319.010254 1
319.110260 1
319.210266 1
319.310272 1
319.410278 1
319.510284 1
319.610291 1
319.710297 1
319.810303 1
319.910309 1
320.010315 1
320.110321 1
320.210327 1
320.310333 1
320.410339 1
320.510345 1
320.610352 1
320.710358 1
320.810364 1
320.910370 1
321.010376 1
321.110382 1
321.210388 1
321.310394 1
321.410400 1
321.510406 1
321.610413 1
321.710419 1
321.810425 1
321.910431 1
322.010437 1
322.110443 1
322.210449 1
322.310455 1
322.410461 1
322.510468 1
322.610474 1
322.710480 1
322.810486 1
322.910492 1
323.010498 1
323.110504 1
323.210510 1
323.310516 1
323.410522 1
323.510529 1
323.610535 1
323.710541 1
323.810547 1
323.910553 1
324.010559 1
324.110565 1
324.210571 1
324.310577 1
324.410583 1
324.510590 1
324.610596 1
324.710602 1
324.810608 1
324.910614 1
325.010620 1
325.110626 1
325.210632 1
325.310638 1
325.410645 1
325.510651 1
325.610657 1
325.710663 1
325.810669 1
325.910675 1
326.010681 1
326.110687 1
326.210693 1
326.310699 1
326.410706 1
326.510712 1
326.610718 1
326.710724 1
326.810730 1
326.910736 1
327.010742 1
327.110748 1
327.210754 1
327.310760 1
327.410767 1
327.510773 1
327.610779 1
327.710785 1
327.810791 1
327.910797 1
328.010803 1
328.110809 1
328.210815 1
328.310822 1
328.410828 1
328.510834 1
328.610840 1
328.710846 1
328.810852 1
328.910858 1
329.010864 1
329.110870 1
329.210876 1
329.310883 1
329.410889 1
329.510895 1
329.610901 1
329.710907 1
329.810913 1
329.910919 1
330.010925 1
330.110931 1
330.210938 1
330.310944 1
330.410950 1
330.510956 1
330.610962 1
330.710968 1
330.810974 1
330.910980 1
331.010986 1
331.110992 1
331.210999 1
331.311005 1
331.411011 1
331.511017 1
331.611023 1
331.711029 1
331.811035 1
331.911041 1
332.011047 1
332.111053 1
332.211060 1
332.311066 1
332.411072 1
332.511078 1
332.611084 1
332.711090 1
332.811096 1
332.911102 1
333.011108 1
333.111115 1
333.211121 1
333.311127 1
333.411133 1
333.511139 1
333.611145 1
333.711151 1
333.811157 1
333.911163 1
334.011169 1
334.111176 1
334.211182 1
334.311188 1
334.411194 1
334.511200 1
334.611206 1
334.711212 1
334.811218 1
334.911224 1
335.011230 1
335.111237 1
335.211243 1
335.311249 1
335.411255 1
335.511261 1
335.611267 1
335.711273 1
335.811279 1
335.911285 1
336.011292 1
336.111298 1
336.211304 1
336.311310 1
336.411316 1
336.511322 1
336.611328 1
336.711334 1
336.811340 1
336.911346 1
337.011353 1
337.111359 1
337.211365 1
337.311371 1
337.411377 1
337.511383 1
337.611389 1
337.711395 1
337.811401 1
337.911407 1
338.011414 1
338.111420 1
338.211426 1
338.311432 1
338.411438 1
338.511444 1
338.611450 1
338.711456 1
338.811462 1
338.911469 1
339.011475 1
339.111481 1
339.211487 1
339.311493 1
339.411499 1
339.511505 1
339.611511 1
339.711517 1
339.811523 1
339.911530 1
340.011536 1
340.111542 1
340.211548 1
340.311554 1
340.411560 1
340.511566 1
340.611572 1
340.711578 1
340.811584 1
340.911591 1
341.011597 1
341.111603 1
341.211609 1
341.311615 1
341.411621 1
341.511627 1
341.611633 1
341.711639 1
341.811646 1
341.911652 1
342.011658 1
342.111664 1
342.211670 1
342.311676 1
342.411682 1
342.511688 1
342.611694 1
342.711700 1
342.811707 1
342.911713 1
343.011719 1
343.111725 1
343.211731 1
343.311737 1
343.411743 1
343.511749 1
343.611755 1
343.711761 1
343.811768 1
343.911774 1
344.011780 1
344.111786 1
344.211792 1
344.311798 1
344.411804 1
344.511810 1
344.611816 1
344.711823 1
344.811829 1
344.911835 1
345.011841 1
345.111847 1
345.211853 1
345.311859 1
345.411865 1
345.511871 1
345.611877 1
345.711884 1
345.811890 1
345.911896 1
346.011902 1
346.111908 1
346.211914 1
346.311920 1
346.411926 1
346.511932 1
346.611938 1
346.711945 1
346.811951 1
346.911957 1
347.011963 1
347.111969 1
347.211975 1
347.311981 1
347.411987 1
347.511993 1
347.612000 1
347.712006 1
347.812012 1
347.912018 1
348.012024 1
348.112030 1
348.212036 1
348.312042 1
348.412048 1
348.512054 1
348.612061 1
348.712067 1
348.812073 1
348.912079 1
349.012085 1
349.112091 1
349.212097 1
349.312103 1
349.412109 1
349.512115 1
349.612122 1
349.712128 1
349.812134 1
349.912140 1
350.012146 1
350.112152 1
350.212158 1
350.312164 1
350.412170 1
350.512177 1
350.612183 1
350.712189 1
350.812195 1
350.912201 1
351.012207 1
351.112213 1
351.212219 1
351.312225 1
351.412231 1
351.512238 1
351.612244 1
351.712250 1
351.812256 1
351.912262 1
352.012268 1
352.112274 1
352.212280 1
352.312286 1
352.412292 1
352.512299 1
352.612305 1
352.712311 1
352.812317 1
352.912323 1
353.012329 1
353.112335 1
353.212341 1
353.312347 1
353.412354 1
353.512360 1
353.612366 1
353.712372 1
353.812378 1
353.912384 1
354.012390 1
354.112396 1
354.212402 1
354.312408 1
354.412415 1
354.512421 1
354.612427 1
354.712433 1
354.812439 1
354.912445 1
355.012451 1
355.112457 1
355.212463 1
355.312469 1
355.412476 1
355.512482 1
355.612488 1
355.712494 1
355.812500 1
355.912506 1
356.012512 1
356.112518 1
356.212524 1
356.312531 1
356.412537 1
356.512543 1
356.612549 1
356.712555 1
356.812561 1
356.912567 1
357.012573 1
357.112579 1
357.212585 1
357.312592 1
357.412598 1
357.512604 1
357.612610 1
357.712616 1
357.812622 1
357.912628 1
358.012634 1
358.112640 1
358.212646 1
358.312653 1
358.412659 1
358.512665 1
358.612671 1
358.712677 1
358.812683 1
358.912689 1
359.012695 1
359.112701 1
359.212708 1
359.312714 1
359.412720 1
359.512726 1
359.612732 1
359.712738 1
359.812744 1
359.912750 1
360.012756 1
360.112762 1
360.212769 1
360.312775 1
360.412781 1
360.512787 1
360.612793 1
360.712799 1
360.812805 1
360.912811 1
361.012817 1
361.112823 1
361.212830 1
361.312836 1
361.412842 1
361.512848 1
361.612854 1
361.712860 1
361.812866 1
361.912872 1
362.012878 1
362.112885 1
362.212891 1
362.312897 1
362.412903 1
362.512909 1
362.612915 1
362.712921 1
362.812927 1
362.912933 1
363.012939 1
363.112946 1
363.212952 1
363.312958 1
363.412964 1
363.512970 1
363.612976 1
363.712982 1
363.812988 1
363.912994 1
364.013000 1
364.113007 1
364.213013 1
364.313019 1
364.413025 1
364.513031 1
364.613037 1
364.713043 1
364.813049 1
364.913055 1
365.013062 1
365.113068 1
365.213074 1
365.313080 1
365.413086 1
365.513092 1
365.613098 1
365.713104 1
365.813110 1
365.913116 1
366.013123 1
366.113129 1
366.213135 1
366.313141 1
366.413147 1
366.513153 1
366.613159 1
366.713165 1
366.813171 1
366.913177 1
367.013184 1
367.113190 1
367.213196 1
367.313202 1
367.413208 1
367.513214 1
367.613220 1
367.713226 1
367.813232 1
367.913239 1
368.013245 1
368.113251 1
368.213257 1
368.313263 1
368.413269 1
368.513275 1
368.613281 1
368.713287 1
368.813293 1
368.913300 1
369.013306 1
369.113312 1
369.213318 1
369.313324 1
369.413330 1
369.513336 1
369.613342 1
369.713348 1
369.813354 1
369.913361 1
370.013367 1
370.113373 1
370.213379 1
370.313385 1
370.413391 1
370.513397 1
370.613403 1
370.713409 1
370.813416 1
370.913422 1
371.013428 1
371.113434 1
371.213440 1
371.313446 1
371.413452 1
371.513458 1
371.613464 1
371.713470 1
371.813477 1
371.913483 1
372.013489 1
372.113495 1
372.213501 1
372.313507 1
372.413513 1
372.513519 1
372.613525 1
372.713531 1
372.813538 1
372.913544 1
373.013550 1
373.113556 1
373.213562 1
373.313568 1
373.413574 1
373.513580 1
373.613586 1
373.713593 1
373.813599 1
373.913605 1
374.013611 1
374.113617 1
374.213623 1
374.313629 1
374.413635 1
374.513641 1
374.613647 1
374.713654 1
374.813660 1
374.913666 1
375.013672 1
375.113678 1
375.213684 1
375.313690 1
375.413696 1
375.513702 1
375.613708 1
375.713715 1
375.813721 1
375.913727 1
376.013733 1
376.113739 1
376.213745 1
376.313751 1
376.413757 1
376.513763 1
376.613770 1
376.713776 1
376.813782 1
376.913788 1
377.013794 1
377.113800 1
377.213806 1
377.313812 1
377.413818 1
377.513824 1
377.613831 1
377.713837 1
377.813843 1
377.913849 1
378.013855 1
378.113861 1
378.213867 1
378.313873 1
378.413879 1
378.513885 1
378.613892 1
378.713898 1
378.813904 1
378.913910 1
379.013916 1
379.113922 1
379.213928 1
379.313934 1
379.413940 1
379.513947 1
379.613953 1
379.713959 1
379.813965 1
379.913971 1
380.013977 1
380.113983 1
380.213989 1
380.313995 1
380.414001 1
380.514008 1
380.614014 1
380.714020 1
380.814026 1
380.914032 1
381.014038 1
381.114044 1
381.214050 1
381.314056 1
381.414062 1
381.514069 1
381.614075 1
381.714081 1
381.814087 1
381.914093 1
382.014099 1
382.114105 1
382.214111 1
382.314117 1
382.414124 1
382.514130 1
382.614136 1
382.714142 1
382.814148 1
382.914154 1
383.014160 1
383.114166 1
383.214172 1
383.314178 1
383.414185 1
383.514191 1
383.614197 1
383.714203 1
383.814209 1
383.914215 1
384.014221 1
384.114227 1
384.214233 1
384.314240 1
384.414246 1
384.514252 1
384.614258 1
384.714264 1
384.814270 1
384.914276 1
385.014282 1
385.114288 1
385.214294 1
385.314301 1
385.414307 1
385.514313 1
385.614319 1
385.714325 1
385.814331 1
385.914337 1
386.014343 1
386.114349 1
386.214355 1
386.314362 1
386.414368 1
386.514374 1
386.614380 1
386.714386 1
386.814392 1
386.914398 1
387.014404 1
387.114410 1
387.214417 1
387.314423 1
387.414429 1
387.514435 1
387.614441 1
387.714447 1
387.814453 1
387.914459 1
388.014465 1
388.114471 1
388.214478 1
388.314484 1
388.414490 1
388.514496 1
388.614502 1
388.714508 1
388.814514 1
388.914520 1
389.014526 1
389.114532 1
389.214539 1
389.314545 1
389.414551 1
389.514557 1
389.614563 1
389.714569 1
389.814575 1
389.914581 1
390.014587 1
390.114594 1
390.214600 1
390.314606 1
390.414612 1
390.514618 1
390.614624 1
390.714630 1
390.814636 1
390.914642 1
391.014648 1
391.114655 1
391.214661 1
391.314667 1
391.414673 1
391.514679 1
391.614685 1
391.714691 1
391.814697 1
391.914703 1
392.014709 1
392.114716 1
392.214722 1
392.314728 1
392.414734 1
392.514740 1
392.614746 1
392.714752 1
392.814758 1
392.914764 1
393.014771 1
393.114777 1
393.214783 1
393.314789 1
393.414795 1
393.514801 1
393.614807 1
393.714813 1
393.814819 1
393.914825 1
394.014832 1
394.114838 1
394.214844 1
394.314850 1
394.414856 1
394.514862 1
394.614868 1
394.714874 1
394.814880 1
394.914886 1
395.014893 1
395.114899 1
395.214905 1
395.314911 1
395.414917 1
395.514923 1
395.614929 1
395.714935 1
395.814941 1
395.914948 1
396.014954 1
396.114960 1
396.214966 1
396.314972 1
396.414978 1
396.514984 1
396.614990 1
396.714996 1
396.815002 1
396.915009 1
397.015015 1
397.115021 1
397.215027 1
397.315033 1
397.415039 1
397.515045 1
397.615051 1
397.715057 1
397.815063 1
397.915070 1
398.015076 1
398.115082 1
398.215088 1
398.315094 1
398.415100 1
398.515106 1
398.615112 1
398.715118 1
398.815125 1
398.915131 1
399.015137 1
399.115143 1
399.215149 1
399.315155 1
399.415161 1
399.515167 1
399.615173 1
399.715179 1
399.815186 1
399.915192 1
400.015198 1
400.115204 1
400.215210 1
400.315216 1
400.415222 1
400.515228 1
400.615234 1
400.715240 1
400.815247 1
400.915253 1
401.015259 1
401.115265 1
401.215271 1
401.315277 1
401.415283 1
401.515289 1
401.615295 1
401.715302 1
401.815308 1
401.915314 1
402.015320 1
402.115326 1
402.215332 1
402.315338 1
402.415344 1
402.515350 1
402.615356 1
402.715363 1
402.815369 1
402.915375 1
403.015381 1
403.115387 1
403.215393 1
403.315399 1
403.415405 1
403.515411 1
403.615417 1
403.715424 1
403.815430 1
403.915436 1
404.015442 1
404.115448 1
404.215454 1
404.315460 1
404.415466 1
404.515472 1
404.615479 1
404.715485 1
404.815491 1
404.915497 1
405.015503 1
405.115509 1
405.215515 1
405.315521 1
405.415527 1
405.515533 1
405.615540 1
405.715546 1
405.815552 1
405.915558 1
406.015564 1
406.115570 1
406.215576 1
406.315582 1
406.415588 1
406.515594 1
406.615601 1
406.715607 1
406.815613 1
406.915619 1
407.015625 1
407.115631 1
407.215637 1
407.315643 1
407.415649 1
407.515656 1
407.615662 1
407.715668 1
407.815674 1
407.915680 1
408.015686 1
408.115692 1
408.215698 1
408.315704 1
408.415710 1
408.515717 1
408.615723 1
408.715729 1
408.815735 1
408.915741 1
409.015747 1
409.115753 1
409.215759 1
409.315765 1
409.415771 1
409.515778 1
409.615784 1
409.715790 1
409.815796 1
409.915802 1
410.015808 1
410.115814 1
410.215820 1
410.315826 1
410.415833 1
410.515839 1
410.615845 1
410.715851 1
410.815857 1
410.915863 1
411.015869 1
411.115875 1
411.215881 1
411.315887 1
411.415894 1
411.515900 1
411.615906 1
411.715912 1
411.815918 1
411.915924 1
412.015930 1
412.115936 1
412.215942 1
412.315948 1
412.415955 1
412.515961 1
412.615967 1
412.715973 1
412.815979 1
412.915985 1
413.015991 1
413.115997 1
413.216003 1
413.316010 1
413.416016 1
413.516022 1
413.616028 1
413.716034 1
413.816040 1
413.916046 1
414.016052 1
414.116058 1
414.216064 1
414.316071 1
414.416077 1
414.516083 1
414.616089 1
414.716095 1
414.816101 1
414.916107 1
415.016113 1
415.116119 1
415.216125 1
415.316132 1
415.416138 1
415.516144 1
415.616150 1
415.716156 1
415.816162 1
415.916168 1
416.016174 1
416.116180 1
416.216187 1
416.316193 1
416.416199 1
416.516205 1
416.616211 1
416.716217 1
416.816223 1
416.916229 1
417.016235 1
417.116241 1
417.216248 1
417.316254 1
417.416260 1
417.516266 1
417.616272 1
417.716278 1
417.816284 1
417.916290 1
418.016296 1
418.116302 1
418.216309 1
418.316315 1
418.416321 1
418.516327 1
418.616333 1
418.716339 1
418.816345 1
418.916351 1
419.016357 1
419.116364 1
419.216370 1
419.316376 1
419.416382 1
419.516388 1
419.616394 1
419.716400 1
419.816406 1
419.916412 1
420.016418 1
420.116425 1
420.216431 1
420.316437 1
420.416443 1
420.516449 1
420.616455 1
420.716461 1
420.816467 1
420.916473 1
421.016479 1
421.116486 1
421.216492 1
421.316498 1
421.416504 1
421.516510 1
421.616516 1
421.716522 1
421.816528 1
421.916534 1
422.016541 1
422.116547 1
422.216553 1
422.316559 1
422.416565 1
422.516571 1
422.616577 1
422.716583 1
422.816589 1
422.916595 1
423.016602 1
423.116608 1
423.216614 1
423.316620 1
423.416626 1
423.516632 1
423.616638 1
423.716644 1
423.816650 1
423.916656 1
424.016663 1
424.116669 1
424.216675 1
424.316681 1
424.416687 1
424.516693 1
424.616699 1
424.716705 1
424.816711 1
424.916718 1
425.016724 1
425.116730 1
425.216736 1
425.316742 1
425.416748 1
425.516754 1
425.616760 1
425.716766 1
425.816772 1
425.916779 1
426.016785 1
426.116791 1
426.216797 1
426.316803 1
426.416809 1
426.516815 1
426.616821 1
426.716827 1
426.816833 1
426.916840 1
427.016846 1
427.116852 1
427.216858 1
427.316864 1
427.416870 1
427.516876 1
427.616882 1
427.716888 1
427.816895 1
427.916901 1
428.016907 1
428.116913 1
428.216919 1
428.316925 1
428.416931 1
428.516937 1
428.616943 1
428.716949 1
428.816956 1
428.916962 1
429.016968 1
429.116974 1
429.216980 1
429.316986 1
429.416992 1
429.516998 1
429.617004 1
429.717010 1
429.817017 1
429.917023 1
430.017029 1
430.117035 1
430.217041 1
430.317047 1
430.417053 1
430.517059 1
430.617065 1
430.717072 1
430.817078 1
430.917084 1
431.017090 1
431.117096 1
431.217102 1
431.317108 1
431.417114 1
431.517120 1
431.617126 1
431.717133 1
431.817139 1
431.917145 1
432.017151 1
432.117157 1
432.217163 1
432.317169 1
432.417175 1
432.517181 1
432.617188 1
432.717194 1
432.817200 1
432.917206 1
433.017212 1
433.117218 1
433.217224 1
433.317230 1
433.417236 1
433.517242 1
433.617249 1
433.717255 1
433.817261 1
433.917267 1
434.017273 1
434.117279 1
434.217285 1
434.317291 1
434.417297 1
434.517303 1
434.617310 1
434.717316 1
434.817322 1
434.917328 1
435.017334 1
435.117340 1
435.217346 1
435.317352 1
435.417358 1
435.517365 1
435.617371 1
435.717377 1
435.817383 1
435.917389 1
436.017395 1
436.117401 1
436.217407 1
436.317413 1
436.417419 1
436.517426 1
436.617432 1
436.717438 1
436.817444 1
436.917450 1
437.017456 1
437.117462 1
437.217468 1
437.317474 1
437.417480 1
437.517487 1
437.617493 1
437.717499 1
437.817505 1
437.917511 1
438.017517 1
438.117523 1
438.217529 1
438.317535 1
438.417542 1
438.517548 1
438.617554 1
438.717560 1
438.817566 1
438.917572 1
439.017578 1
439.117584 1
439.217590 1
439.317596 1
439.417603 1
439.517609 1
439.617615 1
439.717621 1
439.817627 1
439.917633 1
440.017639 1
440.117645 1
440.217651 1
440.317657 1
440.417664 1
440.517670 1
440.617676 1
440.717682 1
440.817688 1
440.917694 1
441.017700 1
441.117706 1
441.217712 1
441.317719 1
441.417725 1
441.517731 1
441.617737 1
441.717743 1
441.817749 1
441.917755 1
442.017761 1
442.117767 1
442.217773 1
442.317780 1
442.417786 1
442.517792 1
442.617798 1
442.717804 1
442.817810 1
442.917816 1
443.017822 1
443.117828 1
443.217834 1
443.317841 1
443.417847 1
443.517853 1
443.617859 1
443.717865 1
443.817871 1
443.917877 1
444.017883 1
444.117889 1
444.217896 1
444.317902 1
444.417908 1
444.517914 1
444.617920 1
444.717926 1
444.817932 1
444.917938 1
445.017944 1
445.117950 1
445.217957 1
445.317963 1
445.417969 1
445.517975 1
445.617981 1
445.717987 1
445.817993 1
445.917999 1
446.018005 1
446.118011 1
446.218018 1
446.318024 1
446.418030 1
446.518036 1
446.618042 1
446.718048 1
446.818054 1
446.918060 1
447.018066 1
447.118073 1
447.218079 1
447.318085 1
447.418091 1
447.518097 1
447.618103 1
447.718109 1
447.818115 1
447.918121 1
448.018127 1
448.118134 1
448.218140 1
448.318146 1
448.418152 1
448.518158 1
448.618164 1
448.718170 1
448.818176 1
448.918182 1
449.018188 1
449.118195 1
449.218201 1
449.318207 1
449.418213 1
449.518219 1
449.618225 1
449.718231 1
449.818237 1
449.918243 1
450.018250 1
450.118256 1
450.218262 1
450.318268 1
450.418274 1
450.518280 1
450.618286 1
450.718292 1
450.818298 1
450.918304 1
451.018311 1
451.118317 1
451.218323 1
451.318329 1
451.418335 1
451.518341 1
451.618347 1
451.718353 1
451.818359 1
451.918365 1
452.018372 1
452.118378 1
452.218384 1
452.318390 1
452.418396 1
452.518402 1
452.618408 1
452.718414 1
452.818420 1
452.918427 1
453.018433 1
453.118439 1
453.218445 1
453.318451 1
453.418457 1
453.518463 1
453.618469 1
453.718475 1
453.818481 1
453.918488 1
454.018494 1
454.118500 1
454.218506 1
454.318512 1
454.418518 1
454.518524 1
454.618530 1
454.718536 1
454.818542 1
454.918549 1
455.018555 1
455.118561 1
455.218567 1
455.318573 1
455.418579 1
455.518585 1
455.618591 1
455.718597 1
455.818604 1
455.918610 1
456.018616 1
456.118622 1
456.218628 1
456.318634 1
456.418640 1
456.518646 1
456.618652 1
456.718658 1
456.818665 1
456.918671 1
457.018677 1
457.118683 1
457.218689 1
457.318695 1
457.418701 1
457.518707 1
457.618713 1
457.718719 1
457.818726 1
457.918732 1
458.018738 1
458.118744 1
458.218750 1
458.318756 1
458.418762 1
458.518768 1
458.618774 1
458.718781 1
458.818787 1
458.918793 1
459.018799 1
459.118805 1
459.218811 1
459.318817 1
459.418823 1
459.518829 1
459.618835 1
459.718842 1
459.818848 1
459.918854 1
460.018860 1
460.118866 1
460.218872 1
460.318878 1
460.418884 1
460.518890 1
460.618896 1
460.718903 1
460.818909 1
460.918915 1
461.018921 1
461.118927 1
461.218933 1
461.318939 1
461.418945 1
461.518951 1
461.618958 1
461.718964 1
461.818970 1
461.918976 1
462.018982 1
462.118988 1
462.218994 1
462.319000 1
462.419006 1
462.519012 1
462.619019 1
462.719025 1
462.819031 1
462.919037 1
463.019043 1
463.119049 1
463.219055 1
463.319061 1
463.419067 1
463.519073 1
463.619080 1
463.719086 1
463.819092 1
463.919098 1
464.019104 1
464.119110 1
464.219116 1
464.319122 1
464.419128 1
464.519135 1
464.619141 1
464.719147 1
464.819153 1
464.919159 1
465.019165 1
465.119171 1
465.219177 1
465.319183 1
465.419189 1
465.519196 1
465.619202 1
465.719208 1
465.819214 1
465.919220 1
466.019226 1
466.119232 1
466.219238 1
466.319244 1
466.419250 1
466.519257 1
466.619263 1
466.719269 1
466.819275 1
466.919281 1
467.019287 1
467.119293 1
467.219299 1
467.319305 1
467.419312 1
467.519318 1
467.619324 1
467.719330 1
467.819336 1
467.919342 1
468.019348 1
468.119354 1
468.219360 1
468.319366 1
468.419373 1
468.519379 1
468.619385 1
468.719391 1
468.819397 1
468.919403 1
469.019409 1
469.119415 1
469.219421 1
469.319427 1
469.419434 1
469.519440 1
469.619446 1
469.719452 1
469.819458 1
469.919464 1
470.019470 1
470.119476 1
470.219482 1
470.319489 1
470.419495 1
470.519501 1
470.619507 1
470.719513 1
470.819519 1
470.919525 1
471.019531 1
471.119537 1
471.219543 1
471.319550 1
471.419556 1
471.519562 1
471.619568 1
471.719574 1
471.819580 1
471.919586 1
472.019592 1
472.119598 1
472.219604 1
472.319611 1
472.419617 1
472.519623 1
472.619629 1
472.719635 1
472.819641 1
472.919647 1
473.019653 1
473.119659 1
473.219666 1
473.319672 1
473.419678 1
473.519684 1
473.619690 1
473.719696 1
473.819702 1
473.919708 1
474.019714 1
474.119720 1
474.219727 1
474.319733 1
474.419739 1
474.519745 1
474.619751 1
474.719757 1
474.819763 1
474.919769 1
475.019775 1
475.119781 1
475.219788 1
475.319794 1
475.419800 1
475.519806 1
475.619812 1
475.719818 1
475.819824 1
475.919830 1
476.019836 1
476.119843 1
476.219849 1
476.319855 1
476.419861 1
476.519867 1
476.619873 1
476.719879 1
476.819885 1
476.919891 1
477.019897 1
477.119904 1
477.219910 1
477.319916 1
477.419922 1
477.519928 1
477.619934 1
477.719940 1
477.819946 1
477.919952 1
478.019958 1
478.119965 1
478.219971 1
478.319977 1
478.419983 1
478.519989 1
478.619995 1
478.720001 1
478.820007 1
478.920013 1
479.020020 1
479.120026 1
479.220032 1
479.320038 1
479.420044 1
479.520050 1
479.620056 1
479.720062 1
479.820068 1
479.920074 1
480.020081 1
480.120087 1
480.220093 1
480.320099 1
480.420105 1
480.520111 1
480.620117 1
480.720123 1
480.820129 1
480.920135 1
481.020142 1
481.120148 1
481.220154 1
481.320160 1
481.420166 1
481.520172 1
481.620178 1
481.720184 1
481.820190 1
481.920197 1
482.020203 1
482.120209 1
482.220215 1
482.320221 1
482.420227 1
482.520233 1
482.620239 1
482.720245 1
482.820251 1
482.920258 1
483.020264 1
483.120270 1
483.220276 1
483.320282 1
483.420288 1
483.520294 1
483.620300 1
483.720306 1
483.820312 1
483.920319 1
484.020325 1
484.120331 1
484.220337 1
484.320343 1
484.420349 1
484.520355 1
484.620361 1
484.720367 1
484.820374 1
484.920380 1
485.020386 1
485.120392 1
485.220398 1
485.320404 1
485.420410 1
485.520416 1
485.620422 1
485.720428 1
485.820435 1
485.920441 1
486.020447 1
486.120453 1
486.220459 1
486.320465 1
486.420471 1
486.520477 1
486.620483 1
486.720490 1
486.820496 1
486.920502 1
487.020508 1
487.120514 1
487.220520 1
487.320526 1
487.420532 1
487.520538 1
487.620544 1
487.720551 1
487.820557 1
487.920563 1
