0 300 0 0.000 0
1 300 0 0.000 0
2 300 0 0.000 0
3 300 0 0.000 0
4 300 0 0.000 0
5 300 0 0.000 0
6 300 0 0.000 0
7 300 0 0.000 0
8 300 0 0.000 0
9 300 0 0.000 0
10 300 0 0.000 0
11 300 0 0.000 0
12 300 145 0.483 1
13 300 145 0.483 1
14 300 145 0.483 1
15 300 145 0.483 1
16 300 145 0.483 1
17 300 145 0.483 1
18 300 145 0.483 1
19 300 145 0.483 1
20 300 145 0.483 1
21 300 145 0.483 1
22 300 145 0.483 1
23 300 145 0.483 1
24 300 145 0.483 1
25 300 145 0.483 1
26 300 275 0.917 2
27 300 275 0.917 2
28 300 275 0.917 2
29 300 275 0.917 2
30 300 275 0.917 2
31 300 275 0.917 2
32 300 275 0.917 2
33 300 275 0.917 2
34 300 275 0.917 2
35 300 275 0.917 2
36 300 275 0.917 2
37 300 275 0.917 2
38 300 275 0.917 2
39 300 275 0.917 2
40 300 275 0.917 2
41 300 275 0.917 2
42 300 275 0.917 2
43 300 275 0.917 2
44 300 275 0.917 2
45 300 275 0.917 2
46 300 275 0.917 2
47 300 275 0.917 2
48 300 275 0.917 2
49 300 275 0.917 2
50 300 275 0.917 2
51 300 275 0.917 2
52 300 275 0.917 2
53 300 275 0.917 2
54 300 275 0.917 2
55 300 275 0.917 2
56 300 275 0.917 2
57 300 275 0.917 2
58 300 275 0.917 2
59 300 275 0.917 2
60 300 275 0.917 2
61 300 275 0.917 2
62 300 275 0.917 2
63 300 275 0.917 2
64 300 275 0.917 2
65 300 275 0.917 2
66 300 275 0.917 2
67 300 275 0.917 2
68 300 275 0.917 2
69 300 275 0.917 2
70 300 275 0.917 2
71 300 275 0.917 2
72 300 275 0.917 2
73 300 275 0.917 2
74 300 275 0.917 2
75 300 275 0.917 2
76 300 275 0.917 2
77 300 275 0.917 2
78 300 288 0.960 3
79 300 288 0.960 3
80 300 288 0.960 3
81 300 288 0.960 3
82 300 288 0.960 3
83 300 288 0.960 3
84 300 288 0.960 3
85 300 288 0.960 3
86 300 288 0.960 3
87 300 288 0.960 3
88 300 288 0.960 3
89 300 288 0.960 3
90 300 288 0.960 3
91 300 288 0.960 3
92 300 288 0.960 3
93 300 288 0.960 3
94 300 288 0.960 3
95 300 288 0.960 3
96 300 288 0.960 3
97 300 288 0.960 3
98 300 288 0.960 3
99 300 288 0.960 3
100 300 288 0.960 3
101 300 288 0.960 3
102 300 288 0.960 3
103 300 288 0.960 3
104 300 288 0.960 3
105 300 288 0.960 3
106 300 288 0.960 3
107 300 288 0.960 3
108 300 288 0.960 3
109 300 288 0.960 3
110 300 288 0.960 3
111 300 280 0.933 5
112 300 280 0.933 5
113 300 280 0.933 5
114 300 280 0.933 5
115 300 280 0.933 5
116 300 280 0.933 5
117 300 280 0.933 5
118 300 280 0.933 5
119 300 280 0.933 5
120 300 280 0.933 5
121 300 280 0.933 5
122 300 280 0.933 5
123 300 280 0.933 5
124 300 280 0.933 5
125 300 280 0.933 5
126 300 280 0.933 5
127 300 280 0.933 5
128 300 280 0.933 5
129 300 280 0.933 5
130 300 280 0.933 5
131 300 295 0.983 5
132 300 295 0.983 5
133 300 295 0.983 5
134 300 295 0.983 5
135 300 295 0.983 5
136 300 295 0.983 5
137 300 295 0.983 5
138 300 295 0.983 5
139 300 295 0.983 5
140 300 295 0.983 5
141 300 295 0.983 5
142 300 295 0.983 5
143 300 295 0.983 5
144 300 295 0.983 5
145 300 295 0.983 5
146 300 295 0.983 5
147 300 295 0.983 5
148 300 295 0.983 5
149 300 295 0.983 5
150 300 295 0.983 5
151 300 295 0.983 5
152 300 295 0.983 5
153 300 295 0.983 5
154 300 295 0.983 5
155 300 295 0.983 5
156 300 295 0.983 5
157 300 295 0.983 5
158 300 295 0.983 5
159 300 295 0.983 5
160 300 295 0.983 5
161 300 295 0.983 5
162 300 295 0.983 5
163 300 295 0.983 5
164 300 295 0.983 5
165 300 295 0.983 5
166 300 295 0.983 5
167 300 295 0.983 5
168 300 295 0.983 5
169 300 295 0.983 5
170 300 295 0.983 5
171 300 295 0.983 5
172 300 295 0.983 5
173 300 295 0.983 5
174 300 295 0.983 5
175 300 295 0.983 5
176 300 229 0.763 5
177 300 229 0.763 5
178 300 229 0.763 5
179 300 229 0.763 5
180 300 229 0.763 5
181 300 229 0.763 5
182 300 229 0.763 5
183 300 229 0.763 5
184 300 229 0.763 5
185 300 229 0.763 5
186 300 229 0.763 5
187 300 229 0.763 5
188 300 229 0.763 5
189 300 229 0.763 5
190 300 229 0.763 5
191 300 229 0.763 5
192 300 229 0.763 5
193 300 229 0.763 5
194 300 229 0.763 5
195 300 229 0.763 5
196 300 229 0.763 5
197 300 229 0.763 5
198 300 229 0.763 5
199 300 229 0.763 5
200 300 229 0.763 5
201 300 229 0.763 5
202 300 229 0.763 5
203 300 229 0.763 5
204 300 229 0.763 5
205 300 229 0.763 5
206 300 229 0.763 5
207 300 229 0.763 5
208 300 229 0.763 5
209 300 229 0.763 5
210 300 229 0.763 5
211 300 229 0.763 5
212 300 229 0.763 5
213 300 229 0.763 5
214 300 229 0.763 5
215 300 229 0.763 5
216 300 229 0.763 5
217 300 229 0.763 5
218 300 229 0.763 5
219 300 229 0.763 5
220 300 229 0.763 5
221 300 229 0.763 5
222 300 229 0.763 5
223 300 229 0.763 5
224 300 229 0.763 5
225 300 229 0.763 5
226 300 229 0.763 5
227 300 229 0.763 5
228 300 229 0.763 5
229 300 229 0.763 5
230 300 229 0.763 5
231 300 229 0.763 5
232 300 229 0.763 5
233 300 229 0.763 5
234 300 229 0.763 5
235 300 229 0.763 5
236 300 229 0.763 5
237 300 229 0.763 5
238 300 229 0.763 5
239 300 229 0.763 5
240 300 229 0.763 5
241 300 229 0.763 5
242 300 229 0.763 5
243 300 229 0.763 5
244 300 229 0.763 5
245 300 229 0.763 5
246 300 229 0.763 5
247 300 229 0.763 5
248 300 229 0.763 5
249 300 229 0.763 5
250 300 229 0.763 5
251 300 229 0.763 5
252 300 229 0.763 5
253 300 229 0.763 5
254 300 229 0.763 5
255 300 229 0.763 5
256 300 229 0.763 5
257 300 229 0.763 5
258 300 229 0.763 5
259 300 229 0.763 5
260 300 229 0.763 5
261 300 229 0.763 5
262 300 229 0.763 5
263 300 229 0.763 5
264 300 229 0.763 5
265 300 229 0.763 5
266 300 229 0.763 5
267 300 280 0.933 6
268 300 280 0.933 6
269 300 280 0.933 6
270 300 280 0.933 6
271 300 280 0.933 6
272 300 280 0.933 6
273 300 280 0.933 6
274 300 280 0.933 6
275 300 280 0.933 6
276 300 280 0.933 6
277 300 280 0.933 6
278 300 280 0.933 6
279 300 280 0.933 6
280 300 280 0.933 6
281 300 280 0.933 6
282 300 280 0.933 6
283 300 280 0.933 6
284 300 280 0.933 6
285 300 280 0.933 6
286 300 225 0.750 5
287 300 225 0.750 5
288 300 225 0.750 5
289 300 225 0.750 5
290 300 225 0.750 5
291 300 225 0.750 5
292 300 225 0.750 5
293 300 225 0.750 5
294 300 225 0.750 5
295 300 225 0.750 5
296 300 225 0.750 5
297 300 225 0.750 5
298 300 225 0.750 5
299 300 225 0.750 5
300 300 225 0.750 5
301 300 286 0.953 5
302 300 286 0.953 5
303 300 286 0.953 5
304 300 286 0.953 5
305 300 286 0.953 5
306 300 286 0.953 5
307 300 286 0.953 5
308 300 286 0.953 5
309 300 286 0.953 5
310 300 286 0.953 5
311 300 286 0.953 5
312 300 286 0.953 5
313 300 286 0.953 5
314 300 286 0.953 5
315 300 286 0.953 5
316 300 286 0.953 5
317 300 286 0.953 5
318 300 286 0.953 5
319 300 286 0.953 5
320 300 286 0.953 5
321 300 286 0.953 5
322 300 286 0.953 5
323 300 286 0.953 5
324 300 286 0.953 5
325 300 286 0.953 5
326 300 286 0.953 5
327 300 286 0.953 5
328 300 286 0.953 5
329 300 286 0.953 5
330 300 286 0.953 5
331 300 286 0.953 5
332 300 286 0.953 5
333 300 286 0.953 5
334 300 286 0.953 5
335 300 286 0.953 5
336 300 286 0.953 5
337 300 286 0.953 5
338 300 286 0.953 5
339 300 286 0.953 5
340 300 286 0.953 5
341 300 286 0.953 5
342 300 286 0.953 5
343 300 286 0.953 5
344 300 286 0.953 5
345 300 286 0.953 5
346 300 286 0.953 5
347 300 286 0.953 5
348 300 286 0.953 5
349 300 286 0.953 5
350 300 286 0.953 5
351 300 286 0.953 5
352 300 286 0.953 5
353 300 286 0.953 5
354 300 286 0.953 5
355 300 252 0.840 4
356 300 252 0.840 4
357 300 252 0.840 4
358 300 252 0.840 4
359 300 252 0.840 4
360 300 252 0.840 4
361 300 252 0.840 4
362 300 252 0.840 4
363 300 252 0.840 4
364 300 252 0.840 4
365 300 252 0.840 4
366 300 252 0.840 4
367 300 252 0.840 4
368 300 252 0.840 4
369 300 252 0.840 4
370 300 252 0.840 4
371 300 252 0.840 4
372 300 252 0.840 4
373 300 252 0.840 4
374 300 252 0.840 4
375 300 252 0.840 4
376 300 252 0.840 4
377 300 252 0.840 4
378 300 252 0.840 4
379 300 252 0.840 4
380 300 252 0.840 4
381 300 252 0.840 4
382 300 252 0.840 4
383 300 252 0.840 4
384 300 189 0.630 3
385 300 125 0.417 2
386 300 125 0.417 2
387 300 125 0.417 2
388 300 125 0.417 2
389 300 125 0.417 2
390 300 125 0.417 2
391 300 125 0.417 2
392 300 125 0.417 2
393 300 125 0.417 2
394 300 125 0.417 2
395 300 125 0.417 2
396 300 125 0.417 2
397 300 125 0.417 2
398 300 125 0.417 2
399 300 125 0.417 2
400 300 125 0.417 2
401 300 125 0.417 2
402 300 125 0.417 2
403 300 125 0.417 2
404 300 125 0.417 2
405 300 125 0.417 2
406 300 125 0.417 2
407 300 125 0.417 2
408 300 125 0.417 2
409 300 125 0.417 2
410 300 125 0.417 2
411 300 125 0.417 2
412 300 125 0.417 2
413 300 125 0.417 2
414 300 125 0.417 2
415 300 125 0.417 2
416 300 125 0.417 2
417 300 125 0.417 2
418 300 125 0.417 2
419 300 125 0.417 2
420 300 125 0.417 2
421 300 125 0.417 2
422 300 125 0.417 2
423 300 125 0.417 2
424 300 125 0.417 2
425 300 125 0.417 2
426 300 125 0.417 2
427 300 125 0.417 2
428 300 125 0.417 2
429 300 125 0.417 2
430 300 125 0.417 2
431 300 125 0.417 2
432 300 125 0.417 2
433 300 125 0.417 2
434 300 125 0.417 2
435 300 125 0.417 2
436 300 125 0.417 2
437 300 125 0.417 2
438 300 125 0.417 2
439 300 125 0.417 2
440 300 125 0.417 2
441 300 125 0.417 2
442 300 125 0.417 2
443 300 125 0.417 2
444 300 125 0.417 2
445 300 125 0.417 2
446 300 125 0.417 2
447 300 125 0.417 2
448 300 125 0.417 2
449 300 125 0.417 2
450 300 125 0.417 2
451 300 125 0.417 2
452 300 125 0.417 2
453 300 125 0.417 2
454 300 125 0.417 2
455 300 125 0.417 2
456 300 125 0.417 2
457 300 125 0.417 2
458 300 125 0.417 2
459 300 74 0.247 1
460 300 74 0.247 1
461 300 74 0.247 1
462 300 74 0.247 1
463 300 74 0.247 1
464 300 74 0.247 1
465 300 74 0.247 1
466 300 74 0.247 1
467 300 74 0.247 1
468 300 74 0.247 1
469 300 74 0.247 1
470 300 74 0.247 1
471 300 74 0.247 1
472 300 74 0.247 1
473 300 74 0.247 1
474 300 74 0.247 1
475 300 74 0.247 1
476 300 74 0.247 1
477 300 74 0.247 1
478 300 74 0.247 1
479 300 74 0.247 1
480 300 74 0.247 1
481 300 74 0.247 1
482 300 74 0.247 1
483 300 74 0.247 1
484 300 74 0.247 1
485 300 74 0.247 1
486 300 74 0.247 1
487 300 0 0.000 0
